53425,4
4294967278,286
4294967278,354
4294967278,271
4294967278,401
4294967278,357
4294967278,266
4294967278,275
4294967279,571
4294967279,514
4294967279,537
4294967279,549
4294967279,156
4294967279,535
4294967279,567
4294967279,137
4294967279,246
4294967279,358
4294967278,436
4294967278,406
4294967278,2
4294967278,88
4294967279,176
4294967278,171
4294967278,405
4294967279,163
4294967279,368
4294967279,300
4294967278,402
4294967294,1423
4294967279,270
4294967278,287
4294967278,285
4294967279,254
4294967279,256
4294967278,262
4294967279,255
4294967294,1016
4294967278,356
4294967279,518
4294967294,1414
4294967294,401
4294967294,1002
4294967279,517
4294967278,248
4294967279,225
4294967279,223
4294967278,222
4294967278,218
4294967278,216
4294967279,215
4294967278,214
4294967278,341
4294967279,210
4294967294,1422
4294967278,209
4294967279,208
4294967279,206
4294967279,205
4294967278,199
4294967294,1416
4294967294,399
4294967294,179
4294967294,400
4294967294,457
4294967279,199
4294967279,198
4294967278,197
4294967278,196
4294967279,196
4294967278,195
4294967278,194
4294967279,192
4294967279,191
4294967279,306
4294967278,190
4294967279,190
4294967278,185
4294967278,184
4294967278,183
4294967278,400
4294967278,181
4294967279,181
4294967278,180
4294967278,176
4294967279,349
4294967278,170
4294967279,170
4294967279,169
4294967278,166
4294967278,165
4294967279,165
4294967279,547
4294967278,160
4294967279,160
4294967294,507
4294967279,159
4294967279,158
4294967278,156
4294967279,155
4294967278,155
4294967279,154
4294967278,152
4294967278,151
4294967279,150
4294967294,1421
4294967279,149
4294967279,360
4294967279,145
4294967279,144
4294967294,1420
4294967278,142
4294967279,141
4294967278,141
4294967279,140
4294967278,138
4294967278,277
4294967279,136
4294967278,136
4294967279,135
4294967278,133
4294967279,134
4294967278,276
4294967279,322
4294967279,277
4294967279,265
4294967278,267
4294967279,264
4294967279,263
4294967278,281
4294967278,265
4294967279,275
4294967278,264
4294967294,387
4294967278,395
4294967278,258
4294967279,521
4294967279,520
4294967278,331
4294967278,330
4294967278,372
4294967279,249
4294967279,247
4294967278,242
4294967278,240
4294967294,396
4294967294,178
4294967294,420
4294967294,449
4294967279,380
4294967279,233
58056,4
4294967278,232
58056,3
58056,2
58056,1
4294967278,230
4294967294,1419
4294967278,226
4294967294,68
4294967294,11
4294967293,131
4294967293,130
4294967293,129
4294967293,128
4294967293,127
4294967293,126
4294967293,125
4294967293,124
4294967293,123
4294967293,122
4294967293,121
4294967293,120
4294967293,119
4294967293,118
4294967293,117
4294967293,116
4294967293,115
4294967293,114
4294967293,113
4294967293,112
4294967293,111
4294967293,110
4294967293,109
4294967293,108
4294967293,107
4294967293,106
4294967293,105
4294967293,104
4294967293,103
4294967293,102
4294967293,101
4294967293,100
4294967293,99
4294967293,98
4294967293,97
4294967293,96
4294967293,95
4294967293,94
4294967293,93
4294967293,92
4294967293,91
4294967293,90
4294967293,89
4294967293,87
4294967293,86
4294967293,85
4294967293,84
4294967293,83
4294967293,82
4294967293,81
4294967293,80
4294967293,79
4294967293,78
4294967293,77
4294967293,76
4294967293,75
4294967293,74
4294967293,73
4294967293,72
4294967293,71
4294967293,70
4294967293,69
4294967293,68
4294967293,67
4294967293,66
4294967293,65
4294967293,64
4294967293,63
4294967293,62
4294967293,61
4294967293,60
4294967293,59
4294967293,58
4294967293,57
4294967293,56
4294967293,55
4294967293,54
4294967293,53
4294967293,52
4294967293,51
4294967293,50
4294967293,49
4294967293,48
4294967293,47
4294967293,46
4294967293,45
4294967293,44
4294967293,43
4294967293,42
4294967293,41
4294967293,40
4294967293,39
4294967293,38
4294967293,37
4294967293,36
4294967293,35
4294967293,34
4294967293,33
4294967293,32
4294967293,31
4294967293,30
4294967293,29
4294967293,28
4294967293,27
4294967293,26
4294967293,25
4294967293,24
4294967293,23
4294967293,22
4294967293,21
4294967293,20
4294967293,19
4294967293,18
4294967293,17
4294967293,16
4294967293,15
4294967293,14
4294967293,13
4294967293,12
4294967293,11
4294967293,10
4294967293,9
4294967293,8
4294967293,7
4294967293,6
4294967293,5
4294967293,4
4294967293,3
4294967278,132
4294967278,131
4294967278,347
4294967278,130
4294967278,129
4294967278,128
4294967278,127
4294967278,126
4294967278,125
4294967278,124
4294967278,123
4294967278,122
4294967278,121
4294967278,120
4294967278,118
4294967278,117
4294967278,116
4294967278,115
4294967278,114
4294967278,113
4294967278,112
4294967278,352
4294967278,110
4294967278,109
4294967278,108
4294967278,106
4294967278,105
4294967278,104
4294967278,103
4294967278,439
4294967278,98
4294967278,96
4294967278,350
4294967278,95
4294967278,94
4294967278,93
4294967278,92
4294967278,91
4294967278,378
4294967278,90
4294967278,89
4294967278,87
4294967278,299
4294967278,86
4294967278,85
4294967278,376
4294967278,256
4294967278,82
4294967278,81
4294967278,349
4294967278,80
4294967278,79
4294967278,355
4294967278,78
4294967278,77
4294967278,76
4294967278,75
4294967278,74
4294967278,73
4294967278,375
4294967278,72
4294967278,71
4294967278,70
4294967278,69
4294967278,68
4294967278,67
4294967278,66
4294967278,65
4294967278,62
4294967278,60
4294967278,59
4294967278,58
4294967278,343
4294967278,57
4294967278,56
4294967278,55
4294967278,54
4294967278,53
4294967278,345
4294967278,52
4294967278,373
4294967278,51
4294967278,50
4294967278,49
4294967278,48
4294967278,47
4294967278,46
4294967278,45
4294967278,44
4294967278,43
4294967278,42
4294967278,41
4294967278,40
4294967278,39
4294967278,37
4294967278,36
4294967278,35
4294967278,34
4294967278,33
4294967278,32
4294967278,31
4294967278,30
4294967278,29
4294967278,28
4294967278,27
4294967278,26
4294967278,25
4294967278,382
4294967278,24
4294967278,23
4294967278,22
4294967278,21
4294967278,346
4294967278,381
4294967278,20
4294967278,19
4294967278,18
4294967278,17
4294967278,16
4294967278,15
4294967278,14
4294967278,13
4294967278,12
4294967278,11
4294967278,10
4294967278,9
4294967278,8
4294967278,7
4294967278,6
4294967278,5
4294967278,260
4294967278,441
4294967278,4
4294967279,132
4294967279,131
4294967279,130
4294967279,129
4294967279,128
4294967279,127
4294967279,126
4294967279,125
4294967279,124
4294967279,123
4294967279,122
4294967279,121
4294967279,120
4294967279,119
4294967279,118
4294967279,117
4294967279,116
4294967279,115
4294967279,114
4294967279,113
4294967279,112
4294967279,111
4294967279,110
4294967279,107
4294967279,106
4294967279,105
4294967279,104
4294967279,103
4294967279,102
4294967279,378
4294967279,289
4294967279,98
4294967279,96
4294967279,93
4294967279,92
4294967279,91
4294967279,90
4294967279,89
4294967279,87
4294967279,260
4294967279,382
4294967279,82
4294967279,81
4294967279,80
4294967279,79
4294967279,531
4294967279,78
4294967279,293
4294967279,77
4294967279,553
4294967279,76
4294967279,75
4294967279,74
4294967279,73
4294967279,72
4294967279,71
4294967279,70
4294967279,69
4294967279,68
4294967279,67
4294967279,63
4294967279,62
4294967279,61
4294967279,60
4294967279,59
4294967279,58
4294967279,57
4294967279,56
4294967279,55
4294967279,54
4294967279,53
4294967279,52
4294967279,51
4294967279,49
4294967279,48
4294967279,361
4294967279,47
4294967279,46
4294967279,45
4294967279,44
4294967279,43
4294967279,42
4294967279,41
4294967279,40
4294967279,297
4294967279,38
4294967279,37
4294967279,36
4294967279,35
4294967279,34
4294967279,33
4294967279,32
4294967279,31
4294967279,30
4294967279,29
4294967279,357
4294967279,28
4294967279,27
4294967279,26
4294967279,25
4294967279,354
4294967279,24
4294967279,23
4294967279,22
4294967279,21
4294967279,20
4294967279,19
4294967279,18
4294967279,17
4294967279,16
4294967279,15
4294967279,14
4294967279,13
4294967279,12
4294967279,11
4294967279,10
4294967279,9
4294967279,8
4294967279,7
4294967279,6
4294967279,5
4294967279,4
4294967279,108
4294967278,107
4294967278,394
4294967278,393
4294967278,391
4294967278,390
4294967279,371
4294967294,176
4294967294,170
4294967279,296
4294967278,388
4294967294,405
4294967294,451
4294967294,402
4294967294,111
4294967294,468
4294967279,294
4294967278,323
4294967279,542
4294967294,506
4294967294,505
4294967279,290
4294967279,288
4294967278,334
4294967279,287
4294967278,387
4294967294,1090
4294967294,162
4294967278,386
4294967278,385
58032,4
58032,3
58032,2
58032,1
4294967278,294
4294967278,339
4294967279,374
4294967279,226
4294967279,244
4294967279,363
4294967279,376
4294967278,318
4294967279,545
4294967278,442
4294967279,286
4294967279,285
4294967279,284
4294967278,316
4294967279,281
4294967279,534
4294967294,185
4294967294,161
4294967294,173
4294967294,1091
4294967294,1006
4294967279,273
4294967279,303
4294967278,312
4294967278,398
4294967278,311
4294967279,266
4294967279,339
4294967294,460
4294967279,221
4294967278,321
4294967278,440
4294967294,1009
4294967294,996
58013,5
58013,4
58013,3
58013,2
58013,1
4294967279,194
58012,5
58012,4
58012,3
58012,2
58012,1
58011,3
58011,2
58011,1
58010,5
58010,4
58010,3
58010,2
58010,1
4294967279,259
58008,4
58008,3
58008,2
58008,1
4294967278,324
4294967278,320
4294967278,337
4294967279,338
4294967279,525
4294967279,513
4294967279,528
4294967279,228
4294967278,446
4294967279,562
4294967278,327
4294967278,289
4294967294,384
4294967294,410
4294967294,169
4294967294,386
4294967294,412
4294967294,189
4294967278,301
4294967279,252
4294967279,88
4294967278,304
4294967279,251
4294967279,539
4294967278,303
4294967279,345
4294967294,1007
4294967294,1089
4294967278,432
4294967279,242
4294967279,167
4294967279,151
4294967279,234
4294967279,232
4294967278,221
4294967294,504
4294967278,229
4294967279,375
4294967294,503
4294967294,995
4294967294,1014
4294967294,459
4294967294,175
57989,5
57989,4
57989,3
57989,2
57989,1
57988,5
57988,4
57988,3
57988,2
57988,1
4294967279,373
57987,5
57987,4
57987,3
57987,2
57987,1
4294967278,302
57986,5
57986,4
57986,3
57986,2
57986,1
57984,4
57984,3
57984,2
57984,1
4294967278,325
4294967278,351
4294967278,137
4294967278,336
4294967278,251
4294967278,342
4294967278,245
4294967279,557
4294967279,563
4294967279,572
4294967294,5
4294967279,230
4294967278,298
4294967278,296
4294967279,351
4294967278,295
4294967279,283
4294967294,999
4294967294,1013
4294967279,224
4294967279,2
4294967278,247
4294967278,225
4294967279,222
4294967279,216
4294967278,293
4294967279,214
4294967279,575
4294967278,292
4294967279,239
4294967278,291
4294967279,240
4294967294,455
4294967294,408
4294967279,574
4294967278,203
4294967279,200
4294967278,290
4294967279,366
4294967278,434
4294967279,573
4294967279,512
4294967279,298
4294967279,157
4294967294,1094
4294967294,1093
4294967279,570
4294967294,109
4294967294,160
4294967278,348
4294967278,326
4294967278,332
4294967278,254
4294967278,431
57960,4
57960,3
57960,2
57960,1
4294967278,360
4294967278,235
4294967278,358
4294967279,343
4294967279,364
4294967279,555
4294967279,369
4294967279,566
4294967279,305
4294967279,174
4294967279,367
4294967278,366
4294967279,323
4294967278,283
4294967294,182
4294967294,1008
4294967279,568
4294967278,438
4294967278,279
4294967279,180
4294967279,565
4294967294,398
4294967294,191
4294967294,108
4294967294,462
4294967279,564
4294967278,263
4294967278,429
4294967279,561
4294967279,274
4294967278,270
4294967278,314
4294967278,261
4294967279,560
4294967278,328
4294967278,253
4294967278,250
4294967278,259
4294967279,241
4294967294,1015
4294967278,234
4294967279,231
4294967278,420
4294967278,255
4294967279,533
4294967279,317
4294967278,208
4294967279,209
4294967278,204
4294967294,502
4294967279,195
4294967279,193
4294967279,185
4294967279,173
4294967279,311
57941,5
4294967278,169
4294967278,168
57941,4
57941,3
57941,2
57941,1
4294967294,413
4294967294,414
4294967294,168
4294967294,403
4294967294,454
4294967294,110
4294967279,320
57940,5
57940,4
57940,3
57940,2
57940,1
4294967278,252
57939,3
57939,2
57939,1
4294967279,359
4294967278,249
57938,5
4294967278,145
57938,4
57938,3
57938,2
57938,1
4294967278,144
4294967279,548
4294967279,278
4294967279,272
57936,4
57936,3
57936,2
57936,1
4294967279,282
4294967278,215
4294967278,219
4294967278,417
4294967278,309
4294967278,416
4294967278,412
4294967278,445
4294967278,306
4294967278,315
4294967278,340
4294967278,361
4294967278,389
4294967279,334
4294967279,308
4294967279,327
4294967279,324
4294967279,536
4294967279,524
4294967279,532
4294967279,329
4294967279,319
4294967278,243
4294967279,559
4294967279,558
4294967278,241
4294967278,239
4294967279,556
4294967278,233
4294967279,526
4294967279,229
4294967278,220
4294967279,315
4294967294,116
4294967294,465
4294967294,404
4294967294,456
4294967279,554
4294967279,184
4294967279,552
4294967278,158
4294967279,153
4294967278,153
4294967279,147
4294967279,139
4294967278,139
4294967294,998
4294967279,522
4294967279,302
4294967294,501
4294967279,245
4294967279,312
4294967294,500
4294967294,499
4294967279,203
4294967278,201
4294967278,198
4294967278,189
4294967279,189
4294967278,188
4294967278,187
4294967278,179
4294967279,179
4294967278,178
4294967294,163
4294967278,173
4294967278,172
4294967279,171
57912,4
4294967278,167
57912,3
57912,2
57912,1
4294967278,410
4294967278,408
4294967278,407
4294967278,399
4294967278,428
4294967278,403
4294967279,316
4294967279,314
4294967279,307
4294967279,310
4294967279,330
4294967279,301
4294967278,227
4294967279,152
4294967278,272
4294967278,223
4294967279,347
4294967278,404
4294967279,299
4294967279,220
4294967279,138
4294967279,133
4294967278,397
4294967278,217
4294967278,384
4294967278,268
4294967278,383
4294967279,546
4294967279,336
4294967278,396
4294967279,219
4294967278,380
4294967278,379
4294967278,363
4294967279,202
4294967279,342
4294967278,193
4294967278,192
4294967278,191
4294967279,188
4294967279,550
4294967279,540
4294967278,411
4294967278,182
4294967278,177
4294967278,374
4294967279,175
4294967279,168
4294967279,166
4294967278,162
4294967278,371
4294967278,154
4294967278,297
4294967279,569
4294967278,148
4294967278,147
4294967278,146
4294967278,140
4294967278,308
4294967279,238
4294967278,368
4294967278,300
4294967279,271
4294967278,288
4294967294,498
4294967278,269
4294967279,261
4294967294,38
4294967294,37
4294967294,36
4294967294,39
4294967279,304
4294967278,367
4294967294,1418
4294967278,278
4294967294,40
4294967279,523
4294967279,309
4294967278,333
4294967294,395
4294967294,1171
4294967294,183
4294967294,113
4294967294,1012
4294967294,997
4294967279,268
4294967278,313
4294967279,515
4294967279,248
4294967294,392
4294967278,238
4294967279,237
4294967278,237
4294967294,388
4294967278,284
4294967294,89
4294967278,224
4294967279,276
4294967294,1001
4294967294,186
4294967279,217
4294967278,212
4294967279,212
4294967278,211
4294967278,210
4294967294,1
4294967278,174
4294967278,205
4294967279,204
4294967294,17
4294967294,99
4294967294,76
4294967294,41
4294967278,202
4294967294,1175
4294967294,437
4294967294,475
57888,4
57888,3
57888,2
57888,1
4294967279,340
0,7
4294967294,42
4294967294,67
4294967294,0
4294967294,107
4294967294,50
4294967294,91
4294967294,90
4294967294,87
4294967294,86
4294967294,85
4294967294,84
4294967294,1000
4294967294,29
4294967294,1017
4294967294,28
4294967294,407
4294967294,27
4294967294,1005
4294967294,118
4294967294,1174
4294967294,1173
4294967294,419
4294967294,25
4294967294,1018
4294967294,26
4294967294,53
4294967294,417
4294967294,51
4294967294,52
4294967294,393
4294967294,46
4294967294,45
4294967294,390
4294967294,389
4294967294,44
4294967294,120
4294967294,114
4294967294,115
4294967294,424
4294967294,2
4294967294,427
4294967294,1417
4294967294,43
4294967294,96
4294967294,94
4294967294,9
4294967294,8
4294967294,22
4294967294,93
4294967294,95
4294967294,1101
4294967294,92
4294967294,88
4294967294,81
4294967294,1098
4294967294,82
4294967294,1415
4294967294,83
4294967278,433
4294967278,119
4294967278,111
4294967278,282
4294967278,310
4294967278,102
4294967278,101
4294967278,100
4294967278,99
4294967278,97
4294967278,84
4294967278,307
4294967278,317
4294967278,392
4294967278,64
4294967278,319
4294967278,63
4294967278,61
4294967278,430
4294967278,38
4294967278,305
4294967278,0
4294967279,337
4294967279,332
4294967279,109
4294967279,101
4294967279,100
4294967279,99
4294967279,97
4294967279,95
4294967279,94
4294967279,86
4294967279,85
4294967279,84
4294967279,269
4294967279,0
4294967279,267
4294967279,292
4294967279,66
4294967279,65
4294967279,64
4294967279,370
4294967279,50
4294967279,291
4294967279,39
0,5
4294967278,83
4294967294,7
4294967279,83
4294967294,6
4294967279,541
4294967279,218
4294967279,543
4294967294,190
4294967294,421
4294967294,409
4294967294,444
4294967294,415
4294967294,411
4294967279,352
4294967278,280
4294967279,325
4294967278,365
4294967294,1095
4294967279,295
4294967278,364
4294967278,362
57864,4
57864,3
57864,2
57864,1
4294967279,530
4294967279,519
4294967294,167
4294967294,1172
4294967294,467
4294967294,453
4294967278,437
4294967279,331
4294967279,348
4294967278,150
4294967278,149
4294967279,143
4294967278,143
4294967279,142
4294967279,279
4294967278,274
4294967279,280
4294967278,273
4294967279,262
4294967278,359
4294967279,258
4294967279,257
4294967279,253
4294967278,257
4294967279,250
4294967278,246
4294967278,244
4294967279,243
4294967279,236
4294967278,236
4294967279,227
4294967279,213
4294967279,207
4294967279,201
4294967279,187
4294967279,186
4294967278,175
4294967279,172
4294967278,164
4294967279,164
4294967278,161
4294967278,159
4294967279,383
4294967278,353
4294967279,328
4294967294,1004
4294967294,497
4294967294,496
4294967294,391
4294967294,112
57845,5
57845,4
57845,3
57845,2
57845,1
57844,5
57844,4
57844,3
57844,2
57844,1
57843,5
57843,4
57843,3
57843,2
57843,1
57842,5
57842,4
57842,3
57842,2
57842,1
57840,3
57840,2
57840,1
4294967279,346
4294967294,1088
4294967294,450
4294967294,416
4294967294,184
4294967279,381
4294967278,200
4294967278,135
4294967278,134
4294967279,235
4294967279,211
4294967279,197
4294967278,186
4294967278,163
4294967278,370
4294967279,148
4294967279,516
4294967278,228
4294967278,213
4294967278,207
4294967278,206
4294967294,495
4294967278,377
57821,5
4294967279,183
57821,4
4294967279,182
57821,3
57821,2
57821,1
4294967294,385
4294967294,406
4294967294,164
4294967294,448
4294967279,178
57820,5
4294967279,177
57820,4
57820,3
57820,2
57820,1
4294967279,527
57819,5
57819,4
57819,3
57819,2
57819,1
4294967279,162
4294967278,231
4294967279,161
57818,5
57818,4
57818,3
57818,2
57818,1
4294967278,157
4294967278,369
57816,4
4294967279,146
57816,3
57816,2
57816,1
4294967278,425
4294967278,322
4294967278,424
4294967278,338
4294967279,529
4294967279,551
4294967279,538
4294967279,365
4294967279,377
4294967294,180
4294967279,372
4294967279,355
4294967294,466
4294967279,335
57792,4
57792,3
57792,2
57792,1
4294967279,544
4294967278,335
4294967279,362
4294967278,344
4294967278,329
4294967279,379
4294967278,447
4294967278,444
4294967279,356
4294967278,443
4294967294,418
57768,4
57768,3
57768,2
57768,1
4294967279,353
4294967278,435
4294967279,313
4294967294,1424
4294967294,463
4294967294,1092
57749,5
57749,4
57749,3
57749,2
57749,1
57748,5
57748,4
57748,3
57748,2
57748,1
57747,5
57747,4
57747,3
57747,2
57747,1
57746,5
57746,4
57746,3
57746,2
57746,1
57744,4
57744,3
57744,2
57744,1
4294967279,344
4294967294,472
4294967278,426
4294967278,423
4294967278,422
4294967278,421
57720,4
57720,3
57720,2
57720,1
4294967278,409
4294967279,333
4294967278,415
4294967294,1011
4294967278,414
4294967278,413
4294967278,419
4294967279,321
57696,4
57696,3
57696,2
57696,1
4294967279,350
4294967279,318
4294967294,119
4294967294,494
4294967294,493
4294967294,492
4294967294,464
57672,4
57672,3
57672,2
57672,1
57671,6
57671,5
57671,4
57671,2
57671,1
57668,4
57668,3
57668,2
57668,1
57667,6
57667,5
57667,4
57667,3
57667,2
57667,1
57664,6
57664,5
57664,4
57664,3
57664,2
57664,1
57661,6
57661,5
57661,4
57661,3
57661,2
57661,1
4294967294,491
57658,5
57658,4
57658,3
57658,2
57658,1
57656,5
57656,4
57656,3
57656,2
57656,1
57654,6
57654,5
57654,4
57654,3
57654,2
57654,1
57653,5
57653,4
57653,3
57653,2
57653,1
57652,5
57652,4
57652,3
57652,2
57652,1
57651,5
57651,4
57651,3
57651,2
57651,1
57650,5
57650,4
57650,3
57650,2
57650,1
57649,4
57649,3
57649,2
57649,1
4294967294,490
57648,6
57648,5
57648,4
57648,2
57648,1
57645,4
57645,3
57645,2
57645,1
57644,6
57644,5
57644,4
57644,3
57644,2
57644,1
57641,6
57641,5
57641,4
57641,3
57641,2
57641,1
57638,6
57638,5
57638,4
57638,3
57638,2
57638,1
57635,5
57635,4
57635,3
57635,2
57635,1
4294967294,489
57633,5
57633,4
57633,3
57633,2
57633,1
57631,6
57631,5
57631,4
57631,3
57631,2
57631,1
57630,5
57630,4
57630,3
57630,2
57630,1
57629,5
57629,4
57629,3
57629,2
57629,1
57628,5
57628,4
57628,3
57628,2
57628,1
57626,4
57626,3
57626,2
57626,1
57625,6
57625,5
57625,4
57625,2
57625,1
57622,4
57622,3
57622,2
57622,1
57621,6
57621,5
57621,4
57621,3
57621,2
57621,1
57618,6
57618,5
57618,4
57618,3
57618,2
57618,1
4294967278,427
57615,6
57615,5
57615,4
57615,3
57615,2
57615,1
4294967294,488
57612,5
57612,4
57612,3
57612,2
57612,1
57610,5
57610,4
57610,3
57610,2
57610,1
57608,6
57608,5
57608,4
57608,3
57608,2
57608,1
57607,5
57607,4
57607,3
57607,2
57607,1
57606,5
57606,4
57606,3
57606,2
57606,1
57605,5
57605,4
57605,3
57605,2
57605,1
57603,4
57603,3
57603,2
57603,1
4294967278,418
4294967279,341
57602,6
57602,5
57602,4
57602,2
57602,1
57599,4
57599,3
57599,2
57599,1
57598,6
57598,5
57598,4
57598,3
57598,2
57598,1
57595,6
57595,5
57595,4
57595,3
57595,2
57595,1
57592,6
57592,5
57592,4
57592,3
57592,2
57592,1
57589,5
57589,4
57589,3
57589,2
57589,1
57587,5
57587,4
57587,3
57587,2
57587,1
57585,6
57585,5
57585,4
57585,3
57585,2
57585,1
57584,5
57584,4
57584,3
57584,2
57584,1
4294967294,461
57583,5
57583,4
57583,3
57583,2
57583,1
57582,5
57582,4
57582,3
57582,2
57582,1
57580,4
57580,3
57580,2
57580,1
4294967279,326
4294967294,487
4294967294,486
4294967294,485
4294967294,458
57556,4
57556,3
57556,2
57556,1
53425,2
53423,4
53423,5
53438,2
53438,6
53438,5
53438,4
53435,4
53425,5
4294967294,473
53419,5
4294967294,397
57532,4
57532,3
57532,2
57532,1
4294967294,484
57513,5
57513,4
57513,3
57513,2
57513,1
57512,5
57512,4
57512,3
57512,2
57512,1
57511,5
57511,4
57511,3
57511,2
57511,1
57510,5
57510,4
57510,3
57510,2
57510,1
57508,4
57508,3
57508,2
57508,1
4294967294,483
57489,5
57489,4
57489,3
57489,2
57489,1
57488,5
57488,4
57488,3
57488,2
57488,1
57487,5
57487,4
57487,3
57487,2
57487,1
57486,5
57486,4
57486,3
57486,2
57486,1
57484,4
57484,3
57484,2
57484,1
4294967294,482
4294967294,481
4294967294,480
57465,5
57465,4
57465,3
57465,2
57465,1
57464,5
57464,4
57464,3
57464,2
57464,1
